#         Omega_1            Phi_1            Psi_1          Omega_2            Phi_2            Psi_2          Omega_3            Phi_3            Psi_3          Omega_4            Phi_4            Psi_4          Omega_5            Phi_5            Psi_5          Omega_6            Phi_6            Psi_6          Omega_7            Phi_7            Psi_7
   0.000000000000  -1.419151491448   2.128718107525   2.989638758866  -2.123838871236   1.157686219750   3.125884796848  -1.636240532158  -2.652661575065   3.125884796848  -2.288786986553   1.593327783286   3.125884796848  -1.410834964687  -0.208700975081   3.125884796848  -1.067320817756   1.753888166639   3.125884796848  -0.891943163177   2.377295281921
   0.000000000000  -1.419151491448   2.695648297762   3.125884796848  -1.315779183533  -0.479202005773   3.125884796848   1.377244820518   0.174707710153   3.125884796848  -1.167787114331   2.023604499164   3.125884796848  -2.018566141147   0.654549255021   3.125884796848  -1.704847130979   3.048448187640  -2.493654559106  -2.061401917711   2.377295281921
   0.000000000000  -1.419151491448   2.381858876827  -2.776280406432  -1.828960762497  -0.027204212556   3.125884796848  -1.485699651074   2.042457632312   3.125884796848  -1.119447623558   2.550890404289   3.125884796848  -1.871865682891   0.484175425903   3.125884796848  -1.479375048852   2.089978797080   3.125884796848  -1.239512911875   2.377295281921
   0.000000000000  -1.419151491448   2.695648297762   3.125884796848  -1.942997289557   2.842843893170   3.125884796848  -1.510455375343   1.588822391286   3.125884796848  -2.477270003551   1.254687242359   3.125884796848  -0.909131624104  -0.589213724419   3.125884796848   1.096073658961   0.696049544796  -2.980663491995  -1.083408252344   2.377295281921
   0.000000000000  -1.419151491448   3.004785124486   1.708041985113  -2.461711273684   2.411653331438   3.125884796848  -2.129709929344   2.013113331511   3.125884796848   0.724930688094   0.957322336197   3.125884796848  -1.296531141456  -0.057471606798   3.125884796848  -1.843392312057   1.675428822919   3.125884796848  -0.710074595947   2.377295281921
   0.000000000000  -1.419151491448  -2.496741377441  -2.492349847326  -1.766476276961   0.842675673373   3.125884796848  -1.321049920625  -0.504550401180   3.125884796848  -0.844275270593   2.402199940478   3.125884796848  -1.760651728938   1.901928471265   3.125884796848  -2.270139526729   2.154526108840   3.125884796848  -1.993918809647   2.377295281921
   0.000000000000  -1.419151491448  -2.868543549780   1.940582908116   2.645731738561   2.102905517897   3.125884796848  -1.582464718533   2.629394434835   3.125884796848   0.986605834547   0.969110551021   3.125884796848  -1.527421333467   0.087139990502   3.125884796848  -2.303495040354  -2.732179312387   3.125884796848  -2.509576443484   2.377295281921
   0.000000000000  -1.419151491448  -2.972442424210  -1.029795864739  -2.004906084614   1.727697146950   3.125884796848  -1.802984256811   0.366066812239   3.125884796848  -2.097580380851   0.149545274467   3.125884796848  -0.970740268095  -0.245531429441   3.125884796848  -0.800285141032   2.236839739545   3.125884796848  -1.276985815088   2.377295281921
   0.000000000000  -1.419151491448   2.695648297762   3.125884796848  -2.300547213646  -0.503290738034   3.125884796848  -1.124100770631   1.786907435115   3.125884796848  -1.671988384258  -0.761091650732   3.125884796848  -2.000281423106   2.196000530136   3.125884796848  -1.641642787471   0.669043953965  -2.797397929777  -1.930322472029   2.377295281921
   0.000000000000  -1.419151491448  -2.889032516995  -1.408113365600  -2.471529744169   2.997039844091   3.125884796848  -1.319733007212   2.277276055929   3.125884796848  -1.689814380668  -0.132373925249   3.125884796848  -2.293056441043   1.073272633368   3.125884796848  -2.219503424085   0.875959440667   3.125884796848  -1.186015802131   2.377295281921
   0.000000000000  -1.419151491448   2.002566007564   1.801260491434  -0.817279820628   2.041593380923   3.125884796848  -2.066824959251   0.945061362726   3.125884796848  -2.266274881228   1.349247233167   3.125884796848  -1.225241839844   2.006144175225   3.125884796848  -0.588857545245   2.260720620446   3.125884796848  -0.819398539739   2.377295281921
   0.000000000000  -1.419151491448   2.695648297762   3.125884796848  -1.660338655646   3.039558676536   3.125884796848  -1.608973841036   1.202882894252   3.125884796848  -1.529147948668   1.870519106452   3.125884796848  -2.348870304420   0.268522428570   3.125884796848  -1.706746095053   1.450110463359   2.854449196336  -0.570773025063   2.377295281921
   0.000000000000  -1.419151491448   2.695648297762   3.125884796848  -1.444117187028   3.056518691740   3.125884796848  -1.171205211755   2.679924553607   3.125884796848  -1.591159247496   2.137923746874   3.125884796848  -2.005491030990   3.100578001941   3.125884796848  -1.659585786904   1.247561374149   1.951840966015   1.759999779786   2.377295281921
   0.000000000000  -1.419151491448   0.528372264283  -2.345607826039  -1.384767084150  -0.202765598285   3.125884796848  -1.310231214369   2.543382656646   3.125884796848  -1.254009492807   2.707318470682   3.125884796848  -1.336137137669   2.972834819722   3.125884796848  -2.603136073229   3.043738659000   3.125884796848  -2.252075448336   2.377295281921
   0.000000000000  -1.419151491448  -2.444615198762   2.966132176072  -2.537004482020   2.310772726879   3.125884796848  -1.212053869355  -0.283062893277   3.125884796848  -1.934800667970   2.139517815009   3.125884796848  -1.843334799790   2.868799654939   3.125884796848  -2.052522433899   1.895579325942   3.125884796848  -1.232830382741   2.377295281921
   0.000000000000  -1.419151491448   1.626503396292   3.120424605520  -1.825304322606   0.280371618132   3.125884796848  -2.304548619070   1.019815907168   3.125884796848  -1.680888192525   2.373979518953   3.125884796848  -2.128842041161   2.709391331110   3.125884796848  -1.417379027832  -2.984537518257   3.125884796848  -1.376676999654   2.377295281921
   0.000000000000  -1.419151491448  -2.816176274841  -2.630357735770  -1.712889511902   2.767723846671   3.125884796848  -2.464233765169  -3.105075462883   3.125884796848  -2.297957532387   0.393847046261   3.125884796848  -1.052273677209  -0.040797435015   3.125884796848  -1.823376540804   1.241736301638   3.125884796848  -1.049349715609   2.377295281921
   0.000000000000  -1.419151491448   0.233545824748  -2.639960045504   0.034479517174   2.585773686357   3.125884796848  -1.249988919036   2.427194761226   3.125884796848  -2.330437037442   2.095604514758   3.125884796848  -2.048246935724   0.327851461753   3.125884796848  -0.901471191779   2.569967111099   3.125884796848  -2.212799497279   2.377295281921
   0.000000000000  -1.419151491448   2.695648297762   3.125884796848  -2.435914729991   0.036514740365   3.125884796848  -1.498959777267   0.891507010168   3.125884796848  -1.207527200685  -0.018895779696   3.125884796848  -2.278647376781   2.198373609563   3.125884796848  -2.096379326172   1.087382436326   2.809339585414  -2.419481534059   2.377295281921
   0.000000000000  -1.419151491448   2.086016802142   2.943763837163  -1.631874180863   0.833638845104   3.125884796848  -1.424071274320   2.687934634046   3.125884796848  -2.085615144532   1.951145772013   3.125884796848  -1.494327583385   0.207682419490   3.125884796848  -1.205273138470   1.624270907351   3.125884796848  -0.939450196102   2.377295281921
   0.000000000000  -1.419151491448  -2.215111575359   2.529980747534  -2.525218929550   2.886085765624   3.125884796848  -1.765163899671   0.642299615681   3.125884796848  -2.364938242643   2.325282544069   3.125884796848  -2.199000481571   2.031687252442   3.125884796848  -1.380291064990   2.169243020519   3.125884796848  -1.431964947452   2.377295281921
   0.000000000000  -1.419151491448   2.695648297762   3.125884796848  -2.734118259921   2.008787808724   3.125884796848  -2.412485308771   1.400001414785   3.125884796848  -1.521391138502  -0.002649732599   3.125884796848  -1.674494696957   3.066791389617   3.125884796848  -2.156413761994   3.027671595352   2.868591170492  -0.337551547366   2.377295281921
   0.000000000000  -1.419151491448   2.609363419018  -2.671205443425  -1.222136083881   2.741731898622   3.125884796848  -1.893046916837   0.564707588190   3.125884796848  -1.913711824452   0.179874571556   3.125884796848  -0.940616370412   2.400579482587   3.125884796848  -2.901558582540   2.723418176230   3.125884796848  -1.557677993230   2.377295281921
   0.000000000000  -1.419151491448   2.695648297762   3.125884796848  -2.124204449966   0.455863313889   3.125884796848  -1.514266476767   1.504312487942   3.125884796848  -1.788646193541  -0.185356232836   3.125884796848  -2.710218090762   2.681177259689   3.125884796848  -1.931164806290   2.508212568992   1.566384829902   3.135231125697   2.377295281921
   0.000000000000  -1.419151491448  -2.979583875410  -1.539302062981  -2.081030352728   2.674372778576   3.125884796848  -1.709290392249   1.121785519739   3.125884796848  -1.510451054635   0.188662627031   3.125884796848  -1.653078922901  -0.081234797663   3.125884796848  -1.533528216409   1.179300670006   3.125884796848  -0.846679936450   2.377295281921
   0.000000000000  -1.419151491448  -2.417402374012  -2.603386091185  -1.640495926381   1.457715204357   3.125884796848  -1.707637128323  -0.407698569679   3.125884796848  -1.920518305815   1.272322787498   3.125884796848  -1.243172605661   2.210227217568   3.125884796848  -1.866336040837   2.518421969754   3.125884796848  -1.736222972204   2.377295281921
   0.000000000000  -1.419151491448   2.831725683695  -2.584795638711  -1.799419692926   0.316473090483   3.125884796848  -1.417317572079   0.343291093495   3.125884796848  -1.038637470592  -0.322888198625   3.125884796848  -1.065153856022   2.254641519958   3.125884796848  -1.488840237667  -3.103040209565   3.125884796848  -1.219515729896   2.377295281921
   0.000000000000  -1.419151491448  -2.671534368144   1.645296701994   3.090927120656   1.748711458135   3.125884796848  -2.805364028117   1.240557161240   3.125884796848  -1.838649455507   0.356153003695   3.125884796848  -2.213149785296   0.543435771225   3.125884796848  -2.027111744403   0.759268249667   3.125884796848  -0.925552818381   2.377295281921
   0.000000000000  -1.419151491448   2.695648297762   3.125884796848  -2.458271479334   2.749679692214   3.125884796848  -1.053429457555   2.068982442757   3.125884796848  -2.028790869834  -1.019492250302   3.125884796848  -2.125726884317   2.229628432366   3.125884796848  -1.834221483066  -0.510311589445   2.830318697466   2.942611993902   2.377295281921
   0.000000000000  -1.419151491448   2.695648297762   3.125884796848  -1.550475273549   1.871368112708   3.125884796848  -1.016875509997  -0.147118736674   3.125884796848  -1.489144935578   1.413225665233   3.125884796848  -1.770372683731   2.187583173957   3.125884796848  -1.855689988564   2.532987076350   3.029931724864  -1.453498102936   2.377295281921
   0.000000000000  -1.419151491448   3.121886846010  -2.797702897626  -1.293197604320  -0.870091744541   3.125884796848   1.249065018139   0.739268024103   3.125884796848  -2.326326999143   2.088136046521   3.125884796848  -1.627855667752   1.217949140738   3.125884796848  -1.433800646197   2.513032874799   3.125884796848  -2.158325854341   2.377295281921
   0.000000000000  -1.419151491448   2.695648297762   3.125884796848  -1.898181445212   2.369632588045   3.125884796848  -1.141454683406   3.006646709434   3.125884796848  -2.399827629342   2.050761936978   3.125884796848  -1.231744062478  -0.773952810483   3.125884796848  -2.231809584281   2.461224008738   1.066480143114   0.795519553157   2.377295281921
   0.000000000000  -1.419151491448   2.695648297762   3.125884796848  -1.546613004743  -3.039367302018   3.125884796848  -0.932947254749   2.855349820037   3.125884796848  -1.155961330764   2.382366853091   3.125884796848  -1.527020830418   1.425011439118   3.125884796848  -1.602310066393   0.122501574429   2.312966556817   2.952711456958   2.377295281921
   0.000000000000  -1.419151491448   2.695648297762   3.125884796848  -1.638843114711  -0.884055022432   3.125884796848   1.370918520407   0.379298164213   3.125884796848  -1.811637074509   0.277266553471   3.125884796848  -1.482313325359   0.044779706478   3.125884796848  -1.111626802881   2.511223573064  -0.515264199814  -2.230750616697   2.377295281921
   0.000000000000  -1.419151491448   2.695648297762   3.125884796848  -2.317724417697   0.290778111324   3.125884796848   0.879796919682   0.822069676039   3.125884796848  -1.301363614943   0.175286416532   3.125884796848  -1.935726491153   0.726194936145   3.125884796848  -1.271387655187  -3.121862762997  -2.462885491163  -1.549428654157   2.377295281921
   0.000000000000  -1.419151491448   2.695648297762   3.125884796848  -2.045614969333   2.190755014662   3.125884796848  -2.108644345630   0.865223732796   3.125884796848  -1.755908988647  -0.172054585584   3.125884796848  -2.025909238924   2.308192158741   3.125884796848  -1.956088168436  -3.118168363615  -2.638690836534  -0.723881381745   2.377295281921
   0.000000000000  -1.419151491448  -2.811272189628  -2.362446091617  -1.344883412327   2.150841534686   3.125884796848  -0.937859695307   1.993836768696   3.125884796848  -1.966541597774   0.530631787584   3.125884796848  -2.101806614528   0.187064795925   3.125884796848  -1.811549516557   2.073395269236   3.125884796848  -1.920937713863   2.377295281921
   0.000000000000  -1.419151491448   2.695648297762   3.125884796848  -2.136436574524   0.198479315834   3.125884796848  -1.283008513176   2.071795284911   3.125884796848  -1.748149952367  -0.956359201317   3.125884796848  -2.659530607206   2.982283855555   3.125884796848  -1.157582721735   2.610557761944   1.166680487344  -2.998414275352   2.377295281921
   0.000000000000  -1.419151491448  -2.618720654871  -2.973256310559  -1.884938490573   2.783861273445   3.125884796848  -2.027938658503   0.559307389144   3.125884796848  -2.818652198041   2.804748654952   3.125884796848  -2.222044599107   1.914634894371   3.125884796848  -1.530048193373   1.890463155479   3.125884796848  -1.380934418560   2.377295281921
   0.000000000000  -1.419151491448  -2.599376497730  -2.565719977925  -2.151917316503   1.737634981435   3.125884796848  -2.071361396872   3.017366630698   3.125884796848   0.802679904653   0.878158706422   3.125884796848  -1.036823005743   2.482605156680   3.125884796848  -1.234743119852   1.762367550708   3.125884796848  -0.823046768769   2.377295281921
   0.000000000000  -1.419151491448   2.695648297762   3.125884796848  -2.295900113933   2.715727938695   3.125884796848  -1.628298539206   0.583539400773   3.125884796848  -1.103492681546  -0.935035053881   3.125884796848  -1.331464072522   1.741133396734   3.125884796848  -1.839573610406  -3.076514404870  -2.672299144779  -1.178637306735   2.377295281921
   0.000000000000  -1.419151491448   2.695648297762   3.125884796848  -1.840433101814   3.135023013629   3.125884796848  -2.274063732834   1.757703842810   3.125884796848  -1.321617920681   2.466964592971   3.125884796848  -1.826479189691   0.459976106539   3.125884796848  -2.292502799866   1.146794040808   2.222823230878   0.023083654038   2.377295281921
   0.000000000000  -1.419151491448  -0.020065246102  -1.905830344551  -1.703667060028   0.323883413112   3.125884796848  -1.562943737433   2.255175139950   3.125884796848  -1.098824798398   2.570856411503   3.125884796848  -1.352630146625   2.138028382477   3.125884796848  -1.724552045271   1.637004340762   3.125884796848  -0.829540699159   2.377295281921
   0.000000000000  -1.419151491448   2.989011211520   2.900384101738  -2.561576880293  -0.328967349527   3.125884796848  -1.222322040891   1.902262580369   3.125884796848  -1.769238756005  -0.628467984780   3.125884796848  -2.245614564097   1.870210935907   3.125884796848  -2.668863243354   1.473996339583   3.125884796848  -1.802898370662   2.377295281921
   0.000000000000  -1.419151491448   2.695648297762   3.125884796848  -2.020528625718   1.299011869750   3.125884796848  -1.190586525409   0.151388340070   3.125884796848  -1.243241517916  -0.093010231317   3.125884796848  -1.588816495580   2.681471420698   3.125884796848  -1.896300818400  -2.753199259539  -2.573809301562  -1.810320960139   2.377295281921
   0.000000000000  -1.419151491448   1.013706233136  -2.615720768298  -1.671276030972   0.747960057334   3.125884796848  -2.534258346341   2.097776913891   3.125884796848  -0.959018405007   2.519637086215   3.125884796848  -1.295773770829   2.186556623703   3.125884796848  -1.700381652286   2.604903203725   3.125884796848  -1.656550154044   2.377295281921
   0.000000000000  -1.419151491448  -2.823250086379  -2.998286830346  -2.303970233237   1.577720016423   3.125884796848  -1.436504719453  -0.100492829535   3.125884796848  -0.815779109072   2.760031611583   3.125884796848  -1.610552073626   1.239245804128   3.125884796848  -1.576078611542   1.517741210986   3.125884796848  -1.682711086955   2.377295281921
   0.000000000000  -1.419151491448   2.695648297762   3.125884796848  -2.660659064930   2.466377754591   3.125884796848  -1.146330995942   2.005016680848   3.125884796848  -2.212154040016  -0.882445288478   3.125884796848  -1.956751606728   2.223277452201   3.125884796848  -2.370165321124  -2.409688273805  -2.586195476664  -1.074472616458   2.377295281921
   0.000000000000  -1.419151491448  -2.090499522181  -3.018342349179  -2.701368523757   2.797822869855   3.125884796848  -2.003947106516   0.229656104435   3.125884796848  -1.876228939451   2.474637072064   3.125884796848  -1.788262507236   1.871702360888   3.125884796848  -1.688494686180   2.925049488451   3.125884796848  -2.756998139877   2.377295281921
   0.000000000000  -1.419151491448   2.695648297762   3.125884796848  -1.621084952618   2.885632617418   3.125884796848  -1.042235959321   2.048664516746   3.125884796848  -2.013444834430   1.029253741160   3.125884796848  -1.794305148743  -0.039583351928   3.125884796848  -1.833164399468  -3.133369975910  -2.253793930195  -3.054138479175   2.377295281921
   0.000000000000  -1.419151491448   2.695648297762   3.125884796848  -2.525859798671  -2.915020557951   3.125884796848  -1.400926382797   1.509789517211   3.125884796848  -1.993575686184  -0.583246492607   3.125884796848  -1.779037104225   1.973692512551   3.125884796848  -2.180414092747   2.976694725515  -2.895566447639  -1.278580296450   2.377295281921
   0.000000000000  -1.419151491448  -2.660164155581  -2.423152987752  -2.418831165829   2.728575514943   3.125884796848  -1.722381214020   2.851106653710   3.125884796848  -1.776171924147   0.136554737176   3.125884796848  -1.243812623306   0.064960043843   3.125884796848  -1.717065293487   0.730311886402   3.125884796848  -0.959944299034   2.377295281921
   0.000000000000  -1.419151491448   2.695648297762   3.125884796848  -1.969825357786   2.663180427541   3.125884796848  -1.483840605700   2.010599176539   3.125884796848  -1.836917220315  -2.797199879270   3.125884796848  -1.857674437926   2.346181973467   3.125884796848  -1.365205158991   0.335414255067   2.871441589714  -3.066087877120   2.377295281921
   0.000000000000  -1.419151491448   2.695648297762   3.125884796848  -1.627354198000   2.245902209469   3.125884796848  -1.370670213657   2.841787700593   3.125884796848   1.214859347077   0.732290484162   3.125884796848  -0.906486932390   2.191261912769   3.125884796848  -0.949218014116   2.085798865055   2.800364361329  -1.244055398630   2.377295281921
   0.000000000000  -1.419151491448   1.928457551059   3.055777321102  -0.288030747291  -0.582356972174   3.125884796848   0.964666486168   0.789171426249   3.125884796848  -2.555879696133   1.575846222901   3.125884796848  -1.997583810676   2.255794015700   3.125884796848  -2.111080608791   1.869277834123   3.125884796848  -0.739557617221   2.377295281921
   0.000000000000  -1.419151491448   2.695648297762   3.125884796848  -1.733706166757   2.412438386687   3.125884796848  -1.333326261484   1.910417819481   3.125884796848  -2.091916212633   2.525711000399   3.125884796848  -1.551880419397   2.410382830790   3.125884796848  -1.009208469136   1.430648916801   2.040593736343   2.664038874780   2.377295281921
   0.000000000000  -1.419151491448   2.695648297762   3.125884796848  -2.268167832725   2.335405904185   3.125884796848  -1.066165317884   2.514530968381   3.125884796848  -1.395833348217   2.503089480028   3.125884796848  -1.367095993511  -0.128139773995   3.125884796848  -2.573505868169   2.251893458393   1.871736402316  -0.421928591802   2.377295281921
   0.000000000000  -1.419151491448   2.695648297762   3.125884796848  -2.234609003637  -0.530269893785   3.125884796848  -1.251028073032   1.758653535010   3.125884796848  -1.633500149477  -0.853809210570   3.125884796848  -2.307784655421   2.393428062933   3.125884796848  -1.937727538929   1.992330869368   2.628327074899  -2.429611616714   2.377295281921
   0.000000000000  -1.419151491448   2.695648297762   3.125884796848  -1.916720776618   2.985408750267   3.125884796848  -2.310936101268   0.983218603131   3.125884796848  -1.905796301440   0.385592129631   3.125884796848  -1.192389067556   2.259011242990   3.125884796848  -1.973983616390   1.074254931848  -3.105202134501   0.139758149561   2.377295281921
   0.000000000000  -1.419151491448   1.847066423337  -2.862895051669  -1.936666606166   0.729030976031   3.125884796848  -1.846717841682   2.702901871705   3.125884796848  -2.230435690034  -1.021070982425   3.125884796848  -2.636220495269   2.109995455140   3.125884796848  -2.604881488657   1.631972383454   3.125884796848  -1.816923305762   2.377295281921
   0.000000000000  -1.419151491448  -2.852413127537  -1.138214331978  -2.529438912204  -3.120531602991   3.125884796848  -1.876228952853   2.748893500219   3.125884796848  -2.417458889781  -0.290031342897   3.125884796848  -1.840391166958   0.269341513215   3.125884796848  -1.636082621469   0.623986834381   3.125884796848  -0.878532361304   2.377295281921
   0.000000000000  -1.419151491448   2.777913105597  -2.820902570789  -1.364807487218   2.089365623172   3.125884796848  -1.690387559995   0.230463953159   3.125884796848  -1.673634522866   0.172313196974   3.125884796848  -1.135192096765   2.272036177730   3.125884796848  -2.378476486704   2.358955822516   3.125884796848  -0.931039686564   2.377295281921
   0.000000000000  -1.419151491448  -3.106605834189  -2.132932502691  -2.357506588845   1.999142550047   3.125884796848  -1.462054426903   0.126912689924   3.125884796848  -1.479209894656  -0.063391596941   3.125884796848  -0.965106006911   2.544733999225   3.125884796848  -2.820540892495   2.551279940620   3.125884796848  -1.250650171526   2.377295281921
   0.000000000000  -1.419151491448   1.697025017371   3.053505286968  -1.745750770129   0.225504273974   3.125884796848  -1.429555862951   1.220532576562   3.125884796848  -1.344480113600   1.190513539630   3.125884796848  -1.464857428791   2.294421059526   3.125884796848  -1.540728795619  -3.048927365992   3.125884796848  -1.363271127945   2.377295281921
   0.000000000000  -1.419151491448   2.695648297762   3.125884796848  -2.367414297164   0.585143975797   3.125884796848  -1.686415857100   1.923233092509   3.125884796848  -2.385636105912  -0.459492573684   3.125884796848  -1.531606436523   2.627330003412   3.125884796848  -2.266647635510   1.880929783343   2.030050720988   2.281622485683   2.377295281921
   0.000000000000  -1.419151491448  -3.106124012271   2.436409164541  -2.793281291892  -0.133622800741   3.125884796848  -1.824016967051   1.666101320325   3.125884796848  -2.349391345743  -0.135270872082   3.125884796848  -1.690584206445   0.426202563051   3.125884796848  -1.726574378408   1.947373417635   3.125884796848  -1.822231215640   2.377295281921
   0.000000000000  -1.419151491448  -2.607633303264   1.103320595932  -2.118421331040   0.232349316739   3.125884796848  -1.380093096585   1.089546352254   3.125884796848  -1.888197245577  -0.269987703022   3.125884796848  -1.797138891501   1.465063994584   3.125884796848  -2.843429074948   2.453709844449   3.125884796848  -2.456168119841   2.377295281921
   0.000000000000  -1.419151491448  -2.675129857168  -3.087435628523  -2.196751653043   2.200210231585   3.125884796848  -1.942798323635   0.495743133377   3.125884796848  -1.710466918144   3.104099450734   3.125884796848  -1.356680140459  -1.023862531902   3.125884796848   0.799835420625   0.983713599672   3.125884796848  -1.562493000533   2.377295281921
   0.000000000000  -1.419151491448   2.695648297762   3.125884796848  -1.879117495520   2.579939097973   3.125884796848  -0.723902031526   2.358824668401   3.125884796848  -0.821818150423   2.156833067629   3.125884796848  -1.806424568351  -0.139016671331   3.125884796848  -1.559172194062   1.434396491503   2.104148766111  -1.668070687249   2.377295281921
   0.000000000000  -1.419151491448  -2.335319066467  -2.434650148326  -1.699068816855   1.176055994569   3.125884796848  -1.720386770874  -0.102079543581   3.125884796848  -1.391751230696   2.730876939235   3.125884796848  -2.285530651647   2.222315254028   3.125884796848  -2.545661296006   1.176098205006   3.125884796848  -0.878973817670   2.377295281921
   0.000000000000  -1.419151491448  -2.297283595914   2.166175108093  -2.141600814622   2.922183790751   3.125884796848  -1.542660302613   0.175714858201   3.125884796848  -2.297520598110   2.718719310507   3.125884796848  -2.387110820012   2.907304984026   3.125884796848  -1.874046438030   1.997781433628   3.125884796848  -1.240280394028   2.377295281921
   0.000000000000  -1.419151491448  -2.527156478906   0.792745642307  -3.114577415017   2.433724921793   3.125884796848  -1.353974974766   2.465720646737   3.125884796848  -2.288060287137   1.835073466241   3.125884796848   0.960876728583   0.921552075107   3.125884796848  -1.965668986731   0.539887480537   3.125884796848  -1.069265052728   2.377295281921
   0.000000000000  -1.419151491448   2.695648297762   3.125884796848  -2.204388405413   1.692852749499   3.125884796848  -0.850098938435   2.237795279296   3.125884796848  -1.433913896794   2.796127359473   3.125884796848  -1.719714778384  -0.699027598468   3.125884796848  -1.296895622187   1.921264502231   1.530300432734   0.058485694891   2.377295281921
   0.000000000000  -1.419151491448   2.695648297762   3.125884796848  -0.977734436765   2.540764563520   3.125884796848  -1.716766308285  -0.346747425697   3.125884796848  -1.870164744805   1.028935462306   3.125884796848  -1.190676560154   2.380651062246   3.125884796848  -2.054299733123  -3.040963546622  -2.981318594427  -2.176329747669   2.377295281921
   0.000000000000  -1.419151491448   2.695648297762   3.125884796848  -1.412933954544   3.097062504838   3.125884796848  -2.643196466281   2.938102685575   3.125884796848   1.313096176890   0.538340726089   3.125884796848  -1.335641644047   2.315188129897   3.125884796848  -1.893401549460   1.619235907228   2.391344102315   0.602649017426   2.377295281921
   0.000000000000  -1.419151491448   2.695648297762   3.125884796848  -1.383553160271   2.966669218857   3.125884796848  -1.236054189977   3.068664140718   3.125884796848  -1.478907170997   2.223032311813   3.125884796848  -2.034952566532   3.109183640849   3.125884796848  -1.123158100607   1.970539401910   1.711387388705   0.805331090063   2.377295281921
   0.000000000000  -1.419151491448   2.695648297762   3.125884796848  -2.163314812316   2.437088165903   3.125884796848  -0.998524670748   2.851425361979   3.125884796848  -2.093866206781   2.337671551055   3.125884796848  -1.588763853085  -0.490002492626   3.125884796848  -1.452154445076   1.133661927911   2.306596276855  -0.463492625639   2.377295281921
   0.000000000000  -1.419151491448   2.695648297762   3.125884796848  -1.772193767432   2.811666981096   3.125884796848  -1.785334092567   0.576503425743   3.125884796848  -1.407715260128   1.806824952321   3.125884796848  -1.639219771796   1.747229906546   3.125884796848  -1.486714114147   0.510050268324  -2.892244982545  -0.586621239762   2.377295281921
   0.000000000000  -1.419151491448   2.695648297762   3.125884796848  -1.436215435293  -3.076892921866   3.125884796848  -1.286156717475  -0.470342668488   3.125884796848   1.000952519702   0.443693409612   3.125884796848  -1.039624027441  -0.059267493179   3.125884796848  -1.557479830328   1.968897235881   2.626874357108  -1.449315036875   2.377295281921
   0.000000000000  -1.419151491448   2.695648297762   3.125884796848  -1.894675089865   3.112369967190   3.125884796848  -2.176703586806   1.595478985408   3.125884796848  -1.302115952017   2.888081580679   3.125884796848  -1.108802521781   2.395368429644   3.125884796848  -0.996524460259   1.701728578380   2.279320793397   1.813067214921   2.377295281921
   0.000000000000  -1.419151491448   2.695648297762   3.125884796848  -2.279484049242   2.141937641106   3.125884796848  -1.686536437316   0.562510623128   3.125884796848  -1.180662168546  -0.299654173473   3.125884796848  -1.846812795750   2.100482338547   3.125884796848  -2.465080045917   2.193690846386   2.856305851295   1.042283246170   2.377295281921
   0.000000000000  -1.419151491448  -2.868352780498  -3.075645804193  -1.934683572671   2.544411836926   3.125884796848  -2.000444089224  -0.180198311103   3.125884796848  -1.424461420116   1.973643150748   3.125884796848  -1.019917293404   2.220102089536   3.125884796848  -2.238620515752   0.951433208471   3.125884796848  -0.984720619756   2.377295281921
   0.000000000000  -1.419151491448  -2.650748872186  -2.094646510593  -1.626052495468   2.255381498407   3.125884796848  -1.582500414490   1.810218620792   3.125884796848  -1.629650709359   0.018652067758   3.125884796848  -1.278397623556   0.178985861188   3.125884796848  -1.840344328299   1.115410875988   3.125884796848  -1.044231652782   2.377295281921
   0.000000000000  -1.419151491448   2.695648297762   3.125884796848  -1.953457601800   2.650857427365   3.125884796848  -1.112572161893   2.215498954766   3.125884796848  -1.183108256273   3.028046496139   3.125884796848  -1.531292017347  -0.153910391404   3.125884796848   1.097254090712   0.628851333477   2.367132184692   2.358137085675   2.377295281921
   0.000000000000  -1.419151491448   2.695648297762   3.125884796848  -1.656508076262   2.659623530185   3.125884796848  -2.348053770204   0.577885878685   3.125884796848  -1.988895799977   0.482816018414   3.125884796848  -2.270638706117   2.461909103730   3.125884796848  -2.548666726262   2.368968413280   2.236747331951   1.180668134059   2.377295281921
   0.000000000000  -1.419151491448   3.106721621806  -3.015441833322  -1.499179329572   1.459806526264   3.125884796848  -1.507220395267   0.239400414676   3.125884796848  -1.605354295540   1.454553769442   3.125884796848  -0.914286325371   2.211335493245   3.125884796848  -2.441322216265   1.638714069525   3.125884796848  -1.319134901083   2.377295281921
   0.000000000000  -1.419151491448   2.695648297762   3.125884796848  -2.527852488726   1.965028205587   3.125884796848  -1.800661368651   2.240575816591   3.125884796848  -2.521539974507   0.122261298833   3.125884796848  -2.409581510773   1.393614678021   3.125884796848  -1.285727245568   0.314373554799   2.802758155070   2.958481174433   2.377295281921
   0.000000000000  -1.419151491448   2.695648297762   3.125884796848  -2.019726879930   2.875430209510   3.125884796848  -1.918141106222   1.775826788910   3.125884796848  -1.088004528070   2.400803697905   3.125884796848  -1.338919043418  -0.072018046580   3.125884796848  -1.872534349181   2.523686080453   1.182195088370  -0.316023286265   2.377295281921
   0.000000000000  -1.419151491448   2.695648297762   3.125884796848  -1.581591554314   2.827850300755   3.125884796848  -1.604401334541   1.309682335474   3.125884796848  -1.993464948895   2.881236457480   3.125884796848  -2.304798293223   2.735430868808   3.125884796848  -1.357282674323   0.904598737699   2.784724305382  -2.395545513839   2.377295281921
   0.000000000000  -1.419151491448   0.785022470654  -3.018002758621  -1.226575621192   0.391634900258   3.125884796848  -1.721007763856   2.563377545600   3.125884796848  -2.277553123396   2.131879806217   3.125884796848  -1.608351544222   2.086388537072   3.125884796848  -1.373413987854   2.428095142628   3.125884796848  -0.816973196780   2.377295281921
   0.000000000000  -1.419151491448   0.153310012912  -2.638140281944  -1.123771596545   1.003568736125   3.125884796848  -1.610732394326   2.311400984733   3.125884796848  -1.198892493800   2.468647711632   3.125884796848  -1.302160394140   2.422657171609   3.125884796848  -2.357268196342   1.894280958107   3.125884796848  -1.258199905835   2.377295281921
   0.000000000000  -1.419151491448   2.695648297762   3.125884796848  -1.734253348259   2.871638360083   3.125884796848  -1.630799317586   0.017421014072   3.125884796848  -1.244571563020   2.013015959672   3.125884796848  -2.389977896534   2.184469343365   3.125884796848  -1.384209147590   1.341465223783   2.909767124919  -1.009121153950   2.377295281921
   0.000000000000  -1.419151491448  -3.048324370792  -3.130143347616  -1.646717416367   3.049489822887   3.125884796848  -2.085170111957  -3.074077153257   3.125884796848  -1.873241244219   0.653160765821   3.125884796848  -1.830456768661   0.327973155175   3.125884796848  -2.152784861644   1.017179537153   3.125884796848  -1.173583338082   2.377295281921
   0.000000000000  -1.419151491448  -2.673293704129   2.704118844491  -2.206363724978   2.278659016910   3.125884796848  -1.404153736061  -0.087433356937   3.125884796848  -2.038913537066   1.481956360269   3.125884796848  -1.309870739993   2.146045677212   3.125884796848  -1.117548234186   2.280895716922   3.125884796848  -1.451207412561   2.377295281921
   0.000000000000  -1.419151491448  -3.105029123921   3.134371171323  -1.698747628830   1.524160482140   3.125884796848  -1.016152961521  -0.302145235252   3.125884796848  -1.178097231312   2.399827716126   3.125884796848  -1.956234984331   2.021015633950   3.125884796848  -1.961098106751   2.490146273087   3.125884796848  -2.046420154524   2.377295281921
   0.000000000000  -1.419151491448   2.695648297762   3.125884796848  -1.473530112279   2.142185642559   3.125884796848  -1.067833853698  -0.437065648363   3.125884796848  -1.118612001554   2.206353798884   3.125884796848  -1.939700170201   2.694382698311   3.125884796848  -1.933324704770   1.922351253585   2.750986374872  -1.606973258940   2.377295281921
   0.000000000000  -1.419151491448  -2.082684541757   2.038509761901  -2.089305199010   2.882585237945   3.125884796848  -1.581956605566  -0.013060792947   3.125884796848  -1.686994005665   2.308846634790   3.125884796848  -1.938558097651   3.010458080918   3.125884796848  -2.477390707918   2.231441591583   3.125884796848  -1.733182087193   2.377295281921
   0.000000000000  -1.419151491448  -3.133595533222   2.316807473374   2.542919705291  -3.065782296180   3.125884796848  -1.187670361333   2.359200809645   3.125884796848  -1.697032686123  -0.368729633412   3.125884796848  -2.207024668981   2.592699515440   3.125884796848  -1.518350467071  -3.050176157244   3.125884796848  -0.908773269409   2.377295281921
   0.000000000000  -1.419151491448   2.695648297762   3.125884796848  -2.123475417147   2.840542408003   3.125884796848  -2.367231258543   1.168074869957   3.125884796848  -1.164707770571  -1.058965851162   3.125884796848  -2.402833789128   2.365177336153   3.125884796848  -1.629250488608  -0.312472013727  -2.921269605278  -2.554428258787   2.377295281921
   0.000000000000  -1.419151491448  -1.526977143344   0.462618411039  -1.816344290602   2.565849935499   3.125884796848  -1.262227478660   2.263288899408   3.125884796848  -2.842327794961   2.666871749628   3.125884796848  -1.201147469207   2.183262430512   3.125884796848  -2.651663336273   1.620547357480   3.125884796848  -2.120853886650   2.377295281921
