# Loop    RMSD[A]     Bump   BumpEx   BumpIn     Energy
# native      0.0    0.000        -        -      0.000
       0    0.000    0.000    0.000    0.000 -177.80548
       1    0.000    0.000    0.000    0.000 -136.77951
       2    0.000    0.000    0.000    0.000 -187.30272
       3    0.000    0.000    0.000    0.000 -178.84912
       4    0.000    0.000    0.000    0.000 -167.10706
       5    0.000    0.000    0.000    0.000 -134.13297
       6    0.000    0.000    0.000    0.000 -146.10656
       7    0.000    0.000    0.000    0.000 -185.22209
       8    0.000    0.000    0.000    0.000 -157.96104
       9    0.000    0.000    0.000    0.000 -156.94986
      10    0.000    0.000    0.000    0.000 -181.79792
      11    0.000    0.000    0.000    0.000 -154.45657
      12    0.000    0.000    0.000    0.000 -138.04431
      13    0.000    0.000    0.000    0.000 -138.17748
      14    0.000    0.000    0.000    0.000 -154.16389
      15    0.000    0.000    0.000    0.000 -193.76397
      16    0.000    0.000    0.000    0.000 -176.36896
      17    0.000    0.000    0.000    0.000 -129.58821
      18    0.000    0.000    0.000    0.000 -144.64817
      19    0.000    0.000    0.000    0.000 -188.57217
      20    0.000    0.000    0.000    0.000 -145.22723
      21    0.000    0.000    0.000    0.000 -153.65323
      22    0.000    0.000    0.000    0.000 -175.85165
      23    0.000    0.000    0.000    0.000 -129.78183
      24    0.000    0.000    0.000    0.000 -175.70847
      25    0.000    0.000    0.000    0.000 -158.80501
      26    0.000    0.000    0.000    0.000 -206.25860
      27    0.000    0.000    0.000    0.000 -128.54304
      28    0.000    0.000    0.000    0.000 -169.05772
      29    0.000    0.000    0.000    0.000 -167.12230
      30    0.000    0.000    0.000    0.000 -147.68628
      31    0.000    0.000    0.000    0.000 -132.54755
      32    0.000    0.000    0.000    0.000 -159.68669
      33    0.000    0.000    0.000    0.000 -182.10754
      34    0.000    0.000    0.000    0.000 -189.57666
      35    0.000    0.000    0.000    0.000 -141.26772
      36    0.000    0.000    0.000    0.000 -161.10330
      37    0.000    0.000    0.000    0.000 -124.06419
      38    0.000    0.000    0.000    0.000 -157.08640
      39    0.000    0.000    0.000    0.000 -179.77267
      40    0.000    0.000    0.000    0.000 -177.96097
      41    0.000    0.000    0.000    0.000 -140.95657
      42    0.000    0.000    0.000    0.000 -158.13395
      43    0.000    0.000    0.000    0.000 -127.25991
      44    0.000    0.000    0.000    0.000 -154.78260
      45    0.000    0.000    0.000    0.000 -155.23489
      46    0.000    0.000    0.000    0.000 -143.73871
      47    0.000    0.000    0.000    0.000 -180.78200
      48    0.000    0.000    0.000    0.000 -133.75794
      49    0.000    0.000    0.000    0.000 -128.73914
      50    0.000    0.000    0.000    0.000 -198.56168
      51    0.000    0.000    0.000    0.000 -159.45461
      52    0.000    0.000    0.000    0.000 -141.43995
      53    0.000    0.000    0.000    0.000 -179.35295
      54    0.000    0.000    0.000    0.000 -184.31032
      55    0.000    0.000    0.000    0.000 -116.31778
      56    0.000    0.000    0.000    0.000 -151.22051
      57    0.000    0.000    0.000    0.000 -160.50005
      58    0.000    0.000    0.000    0.000 -158.56988
      59    0.000    0.000    0.000    0.000 -132.78924
      60    0.000    0.000    0.000    0.000 -167.59673
      61    0.000    0.000    0.000    0.000 -186.24724
      62    0.000    0.000    0.000    0.000 -173.84138
      63    0.000    0.000    0.000    0.000 -191.07586
      64    0.000    0.000    0.000    0.000 -139.62364
      65    0.000    0.000    0.000    0.000 -134.30381
      66    0.000    0.000    0.000    0.000 -129.60088
      67    0.000    0.000    0.000    0.000 -134.96884
      68    0.000    0.000    0.000    0.000 -193.58513
      69    0.000    0.000    0.000    0.000 -150.62028
      70    0.000    0.000    0.000    0.000 -146.74136
      71    0.000    0.000    0.000    0.000 -139.78120
      72    0.000    0.000    0.000    0.000 -144.60649
      73    0.000    0.000    0.000    0.000 -144.64287
      74    0.000    0.000    0.000    0.000 -156.07652
      75    0.000    0.000    0.000    0.000 -146.17802
      76    0.000    0.000    0.000    0.000 -161.66555
      77    0.000    0.000    0.000    0.000 -170.54671
      78    0.000    0.000    0.000    0.000 -156.04980
      79    0.000    0.000    0.000    0.000 -140.13855
      80    0.000    0.000    0.000    0.000 -162.34273
      81    0.000    0.000    0.000    0.000 -150.25114
      82    0.000    0.000    0.000    0.000 -167.49659
      83    0.000    0.000    0.000    0.000 -147.92621
      84    0.000    0.000    0.000    0.000 -151.54781
      85    0.000    0.000    0.000    0.000 -162.18364
      86    0.000    0.000    0.000    0.000 -155.56613
      87    0.000    0.000    0.000    0.000 -149.08134
      88    0.000    0.000    0.000    0.000 -151.38857
      89    0.000    0.000    0.000    0.000 -180.28057
      90    0.000    0.000    0.000    0.000 -166.75187
      91    0.000    0.000    0.000    0.000 -181.97352
      92    0.000    0.000    0.000    0.000 -159.05617
      93    0.000    0.000    0.000    0.000 -145.74969
      94    0.000    0.000    0.000    0.000 -149.56719
      95    0.000    0.000    0.000    0.000 -174.23811
      96    0.000    0.000    0.000    0.000 -145.38033
      97    0.000    0.000    0.000    0.000 -185.62836
      98    0.000    0.000    0.000    0.000 -139.56686
      99    0.000    0.000    0.000    0.000 -121.06410
