#          N-CA_1           CA-C_1            C-N_1           N-CA_2           CA-C_2            C-N_2           N-CA_3           CA-C_3            C-N_3           N-CA_4           CA-C_4            C-N_4           N-CA_5           CA-C_5            C-N_5           N-CA_6           CA-C_6            C-N_6           N-CA_7           CA-C_7
    1.473076010565   1.513436105555   2.099028790387   1.457600000000   1.523500000000   1.332200000000   1.457600000000   1.523500000000   1.332200000000   1.457600000000   1.523500000000   1.331900000000   1.459000000000   1.523000000000   1.332200000000   1.457600000000   1.523500000000   1.332200000000   1.483895513443   1.541789286361
    1.473076010565   1.513436105555   1.332200000000   1.457600000000   1.523500000000   1.332200000000   1.457600000000   1.523500000000   1.332200000000   1.457600000000   1.523500000000   1.331900000000   1.459000000000   1.523000000000   1.332200000000   1.457600000000   1.523500000000   1.263748700674   1.483895513443   1.541789286361
    1.473076010565   1.513436105555   2.517791626284   1.457600000000   1.523500000000   1.332200000000   1.457600000000   1.523500000000   1.332200000000   1.457600000000   1.523500000000   1.331900000000   1.459000000000   1.523000000000   1.332200000000   1.457600000000   1.523500000000   1.332200000000   1.483895513443   1.541789286361
    1.473076010565   1.513436105555   1.332200000000   1.457600000000   1.523500000000   1.332200000000   1.457600000000   1.523500000000   1.332200000000   1.457600000000   1.523500000000   1.331900000000   1.459000000000   1.523000000000   1.332200000000   1.457600000000   1.523500000000   2.407981020785   1.483895513443   1.541789286361
    1.473076010565   1.513436105555   1.972847394445   1.457600000000   1.523500000000   1.332200000000   1.457600000000   1.523500000000   1.332200000000   1.457600000000   1.523500000000   1.331900000000   1.459000000000   1.523000000000   1.332200000000   1.457600000000   1.523500000000   1.332200000000   1.483895513443   1.541789286361
    1.473076010565   1.513436105555   2.455339990897   1.457600000000   1.523500000000   1.332200000000   1.457600000000   1.523500000000   1.332200000000   1.457600000000   1.523500000000   1.331900000000   1.459000000000   1.523000000000   1.332200000000   1.457600000000   1.523500000000   1.332200000000   1.483895513443   1.541789286361
    1.473076010565   1.513436105555   1.560947484145   1.457600000000   1.523500000000   1.332200000000   1.457600000000   1.523500000000   1.332200000000   1.457600000000   1.523500000000   1.331900000000   1.459000000000   1.523000000000   1.332200000000   1.457600000000   1.523500000000   1.332200000000   1.483895513443   1.541789286361
    1.473076010565   1.513436105555   1.892208480882   1.457600000000   1.523500000000   1.332200000000   1.457600000000   1.523500000000   1.332200000000   1.457600000000   1.523500000000   1.331900000000   1.459000000000   1.523000000000   1.332200000000   1.457600000000   1.523500000000   1.332200000000   1.483895513443   1.541789286361
    1.473076010565   1.513436105555   1.332200000000   1.457600000000   1.523500000000   1.332200000000   1.457600000000   1.523500000000   1.332200000000   1.457600000000   1.523500000000   1.331900000000   1.459000000000   1.523000000000   1.332200000000   1.457600000000   1.523500000000   2.662204500802   1.483895513443   1.541789286361
    1.473076010565   1.513436105555   1.979716260182   1.457600000000   1.523500000000   1.332200000000   1.457600000000   1.523500000000   1.332200000000   1.457600000000   1.523500000000   1.331900000000   1.459000000000   1.523000000000   1.332200000000   1.457600000000   1.523500000000   1.332200000000   1.483895513443   1.541789286361
    1.473076010565   1.513436105555   0.588703156142   1.457600000000   1.523500000000   1.332200000000   1.457600000000   1.523500000000   1.332200000000   1.457600000000   1.523500000000   1.331900000000   1.459000000000   1.523000000000   1.332200000000   1.457600000000   1.523500000000   1.332200000000   1.483895513443   1.541789286361
    1.473076010565   1.513436105555   1.332200000000   1.457600000000   1.523500000000   1.332200000000   1.457600000000   1.523500000000   1.332200000000   1.457600000000   1.523500000000   1.331900000000   1.459000000000   1.523000000000   1.332200000000   1.457600000000   1.523500000000   1.257065997081   1.483895513443   1.541789286361
    1.473076010565   1.513436105555   1.332200000000   1.457600000000   1.523500000000   1.332200000000   1.457600000000   1.523500000000   1.332200000000   1.457600000000   1.523500000000   1.331900000000   1.459000000000   1.523000000000   1.332200000000   1.457600000000   1.523500000000   0.962045975333   1.483895513443   1.541789286361
    1.473076010565   1.513436105555   1.711574504829   1.457600000000   1.523500000000   1.332200000000   1.457600000000   1.523500000000   1.332200000000   1.457600000000   1.523500000000   1.331900000000   1.459000000000   1.523000000000   1.332200000000   1.457600000000   1.523500000000   1.332200000000   1.483895513443   1.541789286361
    1.473076010565   1.513436105555   2.179253811043   1.457600000000   1.523500000000   1.332200000000   1.457600000000   1.523500000000   1.332200000000   1.457600000000   1.523500000000   1.331900000000   1.459000000000   1.523000000000   1.332200000000   1.457600000000   1.523500000000   1.332200000000   1.483895513443   1.541789286361
    1.473076010565   1.513436105555   2.397269301970   1.457600000000   1.523500000000   1.332200000000   1.457600000000   1.523500000000   1.332200000000   1.457600000000   1.523500000000   1.331900000000   1.459000000000   1.523000000000   1.332200000000   1.457600000000   1.523500000000   1.332200000000   1.483895513443   1.541789286361
    1.473076010565   1.513436105555   2.319516292809   1.457600000000   1.523500000000   1.332200000000   1.457600000000   1.523500000000   1.332200000000   1.457600000000   1.523500000000   1.331900000000   1.459000000000   1.523000000000   1.332200000000   1.457600000000   1.523500000000   1.332200000000   1.483895513443   1.541789286361
    1.473076010565   1.513436105555   1.360876790016   1.457600000000   1.523500000000   1.332200000000   1.457600000000   1.523500000000   1.332200000000   1.457600000000   1.523500000000   1.331900000000   1.459000000000   1.523000000000   1.332200000000   1.457600000000   1.523500000000   1.332200000000   1.483895513443   1.541789286361
    1.473076010565   1.513436105555   1.332200000000   1.457600000000   1.523500000000   1.332200000000   1.457600000000   1.523500000000   1.332200000000   1.457600000000   1.523500000000   1.331900000000   1.459000000000   1.523000000000   1.332200000000   1.457600000000   1.523500000000   2.311406739967   1.483895513443   1.541789286361
    1.473076010565   1.513436105555   2.313364870116   1.457600000000   1.523500000000   1.332200000000   1.457600000000   1.523500000000   1.332200000000   1.457600000000   1.523500000000   1.331900000000   1.459000000000   1.523000000000   1.332200000000   1.457600000000   1.523500000000   1.332200000000   1.483895513443   1.541789286361
    1.473076010565   1.513436105555   1.120240939015   1.457600000000   1.523500000000   1.332200000000   1.457600000000   1.523500000000   1.332200000000   1.457600000000   1.523500000000   1.331900000000   1.459000000000   1.523000000000   1.332200000000   1.457600000000   1.523500000000   1.332200000000   1.483895513443   1.541789286361
    1.473076010565   1.513436105555   1.332200000000   1.457600000000   1.523500000000   1.332200000000   1.457600000000   1.523500000000   1.332200000000   1.457600000000   1.523500000000   1.331900000000   1.459000000000   1.523000000000   1.332200000000   1.457600000000   1.523500000000   1.014154510572   1.483895513443   1.541789286361
    1.473076010565   1.513436105555   1.522466449932   1.457600000000   1.523500000000   1.332200000000   1.457600000000   1.523500000000   1.332200000000   1.457600000000   1.523500000000   1.331900000000   1.459000000000   1.523000000000   1.332200000000   1.457600000000   1.523500000000   1.332200000000   1.483895513443   1.541789286361
    1.473076010565   1.513436105555   1.332200000000   1.457600000000   1.523500000000   1.332200000000   1.457600000000   1.523500000000   1.332200000000   1.457600000000   1.523500000000   1.331900000000   1.459000000000   1.523000000000   1.332200000000   1.457600000000   1.523500000000   1.802970317217   1.483895513443   1.541789286361
    1.473076010565   1.513436105555   2.072417632608   1.457600000000   1.523500000000   1.332200000000   1.457600000000   1.523500000000   1.332200000000   1.457600000000   1.523500000000   1.331900000000   1.459000000000   1.523000000000   1.332200000000   1.457600000000   1.523500000000   1.332200000000   1.483895513443   1.541789286361
    1.473076010565   1.513436105555   2.258195196771   1.457600000000   1.523500000000   1.332200000000   1.457600000000   1.523500000000   1.332200000000   1.457600000000   1.523500000000   1.331900000000   1.459000000000   1.523000000000   1.332200000000   1.457600000000   1.523500000000   1.332200000000   1.483895513443   1.541789286361
    1.473076010565   1.513436105555   2.779762134567   1.457600000000   1.523500000000   1.332200000000   1.457600000000   1.523500000000   1.332200000000   1.457600000000   1.523500000000   1.331900000000   1.459000000000   1.523000000000   1.332200000000   1.457600000000   1.523500000000   1.332200000000   1.483895513443   1.541789286361
    1.473076010565   1.513436105555   1.961965776019   1.457600000000   1.523500000000   1.332200000000   1.457600000000   1.523500000000   1.332200000000   1.457600000000   1.523500000000   1.331900000000   1.459000000000   1.523000000000   1.332200000000   1.457600000000   1.523500000000   1.332200000000   1.483895513443   1.541789286361
    1.473076010565   1.513436105555   1.332200000000   1.457600000000   1.523500000000   1.332200000000   1.457600000000   1.523500000000   1.332200000000   1.457600000000   1.523500000000   1.331900000000   1.459000000000   1.523000000000   1.332200000000   1.457600000000   1.523500000000   1.777113974697   1.483895513443   1.541789286361
    1.473076010565   1.513436105555   1.332200000000   1.457600000000   1.523500000000   1.332200000000   1.457600000000   1.523500000000   1.332200000000   1.457600000000   1.523500000000   1.331900000000   1.459000000000   1.523000000000   1.332200000000   1.457600000000   1.523500000000   1.492230209067   1.483895513443   1.541789286361
    1.473076010565   1.513436105555   0.909718246843   1.457600000000   1.523500000000   1.332200000000   1.457600000000   1.523500000000   1.332200000000   1.457600000000   1.523500000000   1.331900000000   1.459000000000   1.523000000000   1.332200000000   1.457600000000   1.523500000000   1.332200000000   1.483895513443   1.541789286361
    1.473076010565   1.513436105555   1.332200000000   1.457600000000   1.523500000000   1.332200000000   1.457600000000   1.523500000000   1.332200000000   1.457600000000   1.523500000000   1.331900000000   1.459000000000   1.523000000000   1.332200000000   1.457600000000   1.523500000000   1.912934979940   1.483895513443   1.541789286361
    1.473076010565   1.513436105555   1.332200000000   1.457600000000   1.523500000000   1.332200000000   1.457600000000   1.523500000000   1.332200000000   1.457600000000   1.523500000000   1.331900000000   1.459000000000   1.523000000000   1.332200000000   1.457600000000   1.523500000000   1.386722176243   1.483895513443   1.541789286361
    1.473076010565   1.513436105555   1.332200000000   1.457600000000   1.523500000000   1.332200000000   1.457600000000   1.523500000000   1.332200000000   1.457600000000   1.523500000000   1.331900000000   1.459000000000   1.523000000000   1.332200000000   1.457600000000   1.523500000000   1.549285968772   1.483895513443   1.541789286361
    1.473076010565   1.513436105555   1.332200000000   1.457600000000   1.523500000000   1.332200000000   1.457600000000   1.523500000000   1.332200000000   1.457600000000   1.523500000000   1.331900000000   1.459000000000   1.523000000000   1.332200000000   1.457600000000   1.523500000000   2.067552108891   1.483895513443   1.541789286361
    1.473076010565   1.513436105555   1.332200000000   1.457600000000   1.523500000000   1.332200000000   1.457600000000   1.523500000000   1.332200000000   1.457600000000   1.523500000000   1.331900000000   1.459000000000   1.523000000000   1.332200000000   1.457600000000   1.523500000000   1.599209910070   1.483895513443   1.541789286361
    1.473076010565   1.513436105555   2.628877484344   1.457600000000   1.523500000000   1.332200000000   1.457600000000   1.523500000000   1.332200000000   1.457600000000   1.523500000000   1.331900000000   1.459000000000   1.523000000000   1.332200000000   1.457600000000   1.523500000000   1.332200000000   1.483895513443   1.541789286361
    1.473076010565   1.513436105555   1.332200000000   1.457600000000   1.523500000000   1.332200000000   1.457600000000   1.523500000000   1.332200000000   1.457600000000   1.523500000000   1.331900000000   1.459000000000   1.523000000000   1.332200000000   1.457600000000   1.523500000000   1.888715650737   1.483895513443   1.541789286361
    1.473076010565   1.513436105555   1.257167792068   1.457600000000   1.523500000000   1.332200000000   1.457600000000   1.523500000000   1.332200000000   1.457600000000   1.523500000000   1.331900000000   1.459000000000   1.523000000000   1.332200000000   1.457600000000   1.523500000000   1.332200000000   1.483895513443   1.541789286361
    1.473076010565   1.513436105555   2.385175561240   1.457600000000   1.523500000000   1.332200000000   1.457600000000   1.523500000000   1.332200000000   1.457600000000   1.523500000000   1.331900000000   1.459000000000   1.523000000000   1.332200000000   1.457600000000   1.523500000000   1.332200000000   1.483895513443   1.541789286361
    1.473076010565   1.513436105555   1.332200000000   1.457600000000   1.523500000000   1.332200000000   1.457600000000   1.523500000000   1.332200000000   1.457600000000   1.523500000000   1.331900000000   1.459000000000   1.523000000000   1.332200000000   1.457600000000   1.523500000000   1.781862148054   1.483895513443   1.541789286361
    1.473076010565   1.513436105555   1.332200000000   1.457600000000   1.523500000000   1.332200000000   1.457600000000   1.523500000000   1.332200000000   1.457600000000   1.523500000000   1.331900000000   1.459000000000   1.523000000000   1.332200000000   1.457600000000   1.523500000000   1.978568917373   1.483895513443   1.541789286361
    1.473076010565   1.513436105555   1.777153496025   1.457600000000   1.523500000000   1.332200000000   1.457600000000   1.523500000000   1.332200000000   1.457600000000   1.523500000000   1.331900000000   1.459000000000   1.523000000000   1.332200000000   1.457600000000   1.523500000000   1.332200000000   1.483895513443   1.541789286361
    1.473076010565   1.513436105555   2.047283831405   1.457600000000   1.523500000000   1.332200000000   1.457600000000   1.523500000000   1.332200000000   1.457600000000   1.523500000000   1.331900000000   1.459000000000   1.523000000000   1.332200000000   1.457600000000   1.523500000000   1.332200000000   1.483895513443   1.541789286361
    1.473076010565   1.513436105555   1.332200000000   1.457600000000   1.523500000000   1.332200000000   1.457600000000   1.523500000000   1.332200000000   1.457600000000   1.523500000000   1.331900000000   1.459000000000   1.523000000000   1.332200000000   1.457600000000   1.523500000000   2.039551151474   1.483895513443   1.541789286361
    1.473076010565   1.513436105555   1.958827415676   1.457600000000   1.523500000000   1.332200000000   1.457600000000   1.523500000000   1.332200000000   1.457600000000   1.523500000000   1.331900000000   1.459000000000   1.523000000000   1.332200000000   1.457600000000   1.523500000000   1.332200000000   1.483895513443   1.541789286361
    1.473076010565   1.513436105555   2.425398639018   1.457600000000   1.523500000000   1.332200000000   1.457600000000   1.523500000000   1.332200000000   1.457600000000   1.523500000000   1.331900000000   1.459000000000   1.523000000000   1.332200000000   1.457600000000   1.523500000000   1.332200000000   1.483895513443   1.541789286361
    1.473076010565   1.513436105555   1.332200000000   1.457600000000   1.523500000000   1.332200000000   1.457600000000   1.523500000000   1.332200000000   1.457600000000   1.523500000000   1.331900000000   1.459000000000   1.523000000000   1.332200000000   1.457600000000   1.523500000000   1.661743033331   1.483895513443   1.541789286361
    1.473076010565   1.513436105555   2.056225743946   1.457600000000   1.523500000000   1.332200000000   1.457600000000   1.523500000000   1.332200000000   1.457600000000   1.523500000000   1.331900000000   1.459000000000   1.523000000000   1.332200000000   1.457600000000   1.523500000000   1.332200000000   1.483895513443   1.541789286361
    1.473076010565   1.513436105555   1.332200000000   1.457600000000   1.523500000000   1.332200000000   1.457600000000   1.523500000000   1.332200000000   1.457600000000   1.523500000000   1.331900000000   1.459000000000   1.523000000000   1.332200000000   1.457600000000   1.523500000000   1.870227142117   1.483895513443   1.541789286361
    1.473076010565   1.513436105555   1.332200000000   1.457600000000   1.523500000000   1.332200000000   1.457600000000   1.523500000000   1.332200000000   1.457600000000   1.523500000000   1.331900000000   1.459000000000   1.523000000000   1.332200000000   1.457600000000   1.523500000000   1.960914195788   1.483895513443   1.541789286361
    1.473076010565   1.513436105555   2.339682629974   1.457600000000   1.523500000000   1.332200000000   1.457600000000   1.523500000000   1.332200000000   1.457600000000   1.523500000000   1.331900000000   1.459000000000   1.523000000000   1.332200000000   1.457600000000   1.523500000000   1.332200000000   1.483895513443   1.541789286361
    1.473076010565   1.513436105555   1.332200000000   1.457600000000   1.523500000000   1.332200000000   1.457600000000   1.523500000000   1.332200000000   1.457600000000   1.523500000000   1.331900000000   1.459000000000   1.523000000000   1.332200000000   1.457600000000   1.523500000000   2.132285221202   1.483895513443   1.541789286361
    1.473076010565   1.513436105555   1.332200000000   1.457600000000   1.523500000000   1.332200000000   1.457600000000   1.523500000000   1.332200000000   1.457600000000   1.523500000000   1.331900000000   1.459000000000   1.523000000000   1.332200000000   1.457600000000   1.523500000000   2.467992066263   1.483895513443   1.541789286361
    1.473076010565   1.513436105555   1.476014658867   1.457600000000   1.523500000000   1.332200000000   1.457600000000   1.523500000000   1.332200000000   1.457600000000   1.523500000000   1.331900000000   1.459000000000   1.523000000000   1.332200000000   1.457600000000   1.523500000000   1.332200000000   1.483895513443   1.541789286361
    1.473076010565   1.513436105555   1.332200000000   1.457600000000   1.523500000000   1.332200000000   1.457600000000   1.523500000000   1.332200000000   1.457600000000   1.523500000000   1.331900000000   1.459000000000   1.523000000000   1.332200000000   1.457600000000   1.523500000000   1.763820821360   1.483895513443   1.541789286361
    1.473076010565   1.513436105555   1.332200000000   1.457600000000   1.523500000000   1.332200000000   1.457600000000   1.523500000000   1.332200000000   1.457600000000   1.523500000000   1.331900000000   1.459000000000   1.523000000000   1.332200000000   1.457600000000   1.523500000000   2.100797582143   1.483895513443   1.541789286361
    1.473076010565   1.513436105555   1.332200000000   1.457600000000   1.523500000000   1.332200000000   1.457600000000   1.523500000000   1.332200000000   1.457600000000   1.523500000000   1.331900000000   1.459000000000   1.523000000000   1.332200000000   1.457600000000   1.523500000000   1.352509041789   1.483895513443   1.541789286361
    1.473076010565   1.513436105555   1.332200000000   1.457600000000   1.523500000000   1.332200000000   1.457600000000   1.523500000000   1.332200000000   1.457600000000   1.523500000000   1.331900000000   1.459000000000   1.523000000000   1.332200000000   1.457600000000   1.523500000000   1.878571787265   1.483895513443   1.541789286361
    1.473076010565   1.513436105555   1.302678428431   1.457600000000   1.523500000000   1.332200000000   1.457600000000   1.523500000000   1.332200000000   1.457600000000   1.523500000000   1.331900000000   1.459000000000   1.523000000000   1.332200000000   1.457600000000   1.523500000000   1.332200000000   1.483895513443   1.541789286361
    1.473076010565   1.513436105555   1.912128396636   1.457600000000   1.523500000000   1.332200000000   1.457600000000   1.523500000000   1.332200000000   1.457600000000   1.523500000000   1.331900000000   1.459000000000   1.523000000000   1.332200000000   1.457600000000   1.523500000000   1.332200000000   1.483895513443   1.541789286361
    1.473076010565   1.513436105555   1.877747452823   1.457600000000   1.523500000000   1.332200000000   1.457600000000   1.523500000000   1.332200000000   1.457600000000   1.523500000000   1.331900000000   1.459000000000   1.523000000000   1.332200000000   1.457600000000   1.523500000000   1.332200000000   1.483895513443   1.541789286361
    1.473076010565   1.513436105555   1.471418981032   1.457600000000   1.523500000000   1.332200000000   1.457600000000   1.523500000000   1.332200000000   1.457600000000   1.523500000000   1.331900000000   1.459000000000   1.523000000000   1.332200000000   1.457600000000   1.523500000000   1.332200000000   1.483895513443   1.541789286361
    1.473076010565   1.513436105555   2.037881589546   1.457600000000   1.523500000000   1.332200000000   1.457600000000   1.523500000000   1.332200000000   1.457600000000   1.523500000000   1.331900000000   1.459000000000   1.523000000000   1.332200000000   1.457600000000   1.523500000000   1.332200000000   1.483895513443   1.541789286361
    1.473076010565   1.513436105555   1.332200000000   1.457600000000   1.523500000000   1.332200000000   1.457600000000   1.523500000000   1.332200000000   1.457600000000   1.523500000000   1.331900000000   1.459000000000   1.523000000000   1.332200000000   1.457600000000   1.523500000000   0.944534133786   1.483895513443   1.541789286361
    1.473076010565   1.513436105555   1.888311787335   1.457600000000   1.523500000000   1.332200000000   1.457600000000   1.523500000000   1.332200000000   1.457600000000   1.523500000000   1.331900000000   1.459000000000   1.523000000000   1.332200000000   1.457600000000   1.523500000000   1.332200000000   1.483895513443   1.541789286361
    1.473076010565   1.513436105555   1.900139076205   1.457600000000   1.523500000000   1.332200000000   1.457600000000   1.523500000000   1.332200000000   1.457600000000   1.523500000000   1.331900000000   1.459000000000   1.523000000000   1.332200000000   1.457600000000   1.523500000000   1.332200000000   1.483895513443   1.541789286361
    1.473076010565   1.513436105555   2.384914978488   1.457600000000   1.523500000000   1.332200000000   1.457600000000   1.523500000000   1.332200000000   1.457600000000   1.523500000000   1.331900000000   1.459000000000   1.523000000000   1.332200000000   1.457600000000   1.523500000000   1.332200000000   1.483895513443   1.541789286361
    1.473076010565   1.513436105555   1.332200000000   1.457600000000   1.523500000000   1.332200000000   1.457600000000   1.523500000000   1.332200000000   1.457600000000   1.523500000000   1.331900000000   1.459000000000   1.523000000000   1.332200000000   1.457600000000   1.523500000000   1.693494178239   1.483895513443   1.541789286361
    1.473076010565   1.513436105555   2.388428740674   1.457600000000   1.523500000000   1.332200000000   1.457600000000   1.523500000000   1.332200000000   1.457600000000   1.523500000000   1.331900000000   1.459000000000   1.523000000000   1.332200000000   1.457600000000   1.523500000000   1.332200000000   1.483895513443   1.541789286361
    1.473076010565   1.513436105555   1.940972316810   1.457600000000   1.523500000000   1.332200000000   1.457600000000   1.523500000000   1.332200000000   1.457600000000   1.523500000000   1.331900000000   1.459000000000   1.523000000000   1.332200000000   1.457600000000   1.523500000000   1.332200000000   1.483895513443   1.541789286361
    1.473076010565   1.513436105555   1.931589722975   1.457600000000   1.523500000000   1.332200000000   1.457600000000   1.523500000000   1.332200000000   1.457600000000   1.523500000000   1.331900000000   1.459000000000   1.523000000000   1.332200000000   1.457600000000   1.523500000000   1.332200000000   1.483895513443   1.541789286361
    1.473076010565   1.513436105555   1.332200000000   1.457600000000   1.523500000000   1.332200000000   1.457600000000   1.523500000000   1.332200000000   1.457600000000   1.523500000000   1.331900000000   1.459000000000   1.523000000000   1.332200000000   1.457600000000   1.523500000000   1.695718036554   1.483895513443   1.541789286361
    1.473076010565   1.513436105555   1.332200000000   1.457600000000   1.523500000000   1.332200000000   1.457600000000   1.523500000000   1.332200000000   1.457600000000   1.523500000000   1.331900000000   1.459000000000   1.523000000000   1.332200000000   1.457600000000   1.523500000000   2.242780157255   1.483895513443   1.541789286361
    1.473076010565   1.513436105555   1.332200000000   1.457600000000   1.523500000000   1.332200000000   1.457600000000   1.523500000000   1.332200000000   1.457600000000   1.523500000000   1.331900000000   1.459000000000   1.523000000000   1.332200000000   1.457600000000   1.523500000000   1.764314156242   1.483895513443   1.541789286361
    1.473076010565   1.513436105555   1.332200000000   1.457600000000   1.523500000000   1.332200000000   1.457600000000   1.523500000000   1.332200000000   1.457600000000   1.523500000000   1.331900000000   1.459000000000   1.523000000000   1.332200000000   1.457600000000   1.523500000000   0.997327268267   1.483895513443   1.541789286361
    1.473076010565   1.513436105555   1.332200000000   1.457600000000   1.523500000000   1.332200000000   1.457600000000   1.523500000000   1.332200000000   1.457600000000   1.523500000000   1.331900000000   1.459000000000   1.523000000000   1.332200000000   1.457600000000   1.523500000000   2.039055233963   1.483895513443   1.541789286361
    1.473076010565   1.513436105555   1.332200000000   1.457600000000   1.523500000000   1.332200000000   1.457600000000   1.523500000000   1.332200000000   1.457600000000   1.523500000000   1.331900000000   1.459000000000   1.523000000000   1.332200000000   1.457600000000   1.523500000000   2.374518648879   1.483895513443   1.541789286361
    1.473076010565   1.513436105555   1.332200000000   1.457600000000   1.523500000000   1.332200000000   1.457600000000   1.523500000000   1.332200000000   1.457600000000   1.523500000000   1.331900000000   1.459000000000   1.523000000000   1.332200000000   1.457600000000   1.523500000000   2.210668077865   1.483895513443   1.541789286361
    1.473076010565   1.513436105555   1.332200000000   1.457600000000   1.523500000000   1.332200000000   1.457600000000   1.523500000000   1.332200000000   1.457600000000   1.523500000000   1.331900000000   1.459000000000   1.523000000000   1.332200000000   1.457600000000   1.523500000000   1.185520590862   1.483895513443   1.541789286361
    1.473076010565   1.513436105555   1.332200000000   1.457600000000   1.523500000000   1.332200000000   1.457600000000   1.523500000000   1.332200000000   1.457600000000   1.523500000000   1.331900000000   1.459000000000   1.523000000000   1.332200000000   1.457600000000   1.523500000000   1.775990123612   1.483895513443   1.541789286361
    1.473076010565   1.513436105555   2.321764043077   1.457600000000   1.523500000000   1.332200000000   1.457600000000   1.523500000000   1.332200000000   1.457600000000   1.523500000000   1.331900000000   1.459000000000   1.523000000000   1.332200000000   1.457600000000   1.523500000000   1.332200000000   1.483895513443   1.541789286361
    1.473076010565   1.513436105555   2.433042590610   1.457600000000   1.523500000000   1.332200000000   1.457600000000   1.523500000000   1.332200000000   1.457600000000   1.523500000000   1.331900000000   1.459000000000   1.523000000000   1.332200000000   1.457600000000   1.523500000000   1.332200000000   1.483895513443   1.541789286361
    1.473076010565   1.513436105555   1.332200000000   1.457600000000   1.523500000000   1.332200000000   1.457600000000   1.523500000000   1.332200000000   1.457600000000   1.523500000000   1.331900000000   1.459000000000   1.523000000000   1.332200000000   1.457600000000   1.523500000000   1.207057754211   1.483895513443   1.541789286361
    1.473076010565   1.513436105555   1.332200000000   1.457600000000   1.523500000000   1.332200000000   1.457600000000   1.523500000000   1.332200000000   1.457600000000   1.523500000000   1.331900000000   1.459000000000   1.523000000000   1.332200000000   1.457600000000   1.523500000000   1.371123923118   1.483895513443   1.541789286361
    1.473076010565   1.513436105555   1.644416397737   1.457600000000   1.523500000000   1.332200000000   1.457600000000   1.523500000000   1.332200000000   1.457600000000   1.523500000000   1.331900000000   1.459000000000   1.523000000000   1.332200000000   1.457600000000   1.523500000000   1.332200000000   1.483895513443   1.541789286361
    1.473076010565   1.513436105555   1.332200000000   1.457600000000   1.523500000000   1.332200000000   1.457600000000   1.523500000000   1.332200000000   1.457600000000   1.523500000000   1.331900000000   1.459000000000   1.523000000000   1.332200000000   1.457600000000   1.523500000000   1.465623083868   1.483895513443   1.541789286361
    1.473076010565   1.513436105555   1.332200000000   1.457600000000   1.523500000000   1.332200000000   1.457600000000   1.523500000000   1.332200000000   1.457600000000   1.523500000000   1.331900000000   1.459000000000   1.523000000000   1.332200000000   1.457600000000   1.523500000000   1.957632344420   1.483895513443   1.541789286361
    1.473076010565   1.513436105555   1.332200000000   1.457600000000   1.523500000000   1.332200000000   1.457600000000   1.523500000000   1.332200000000   1.457600000000   1.523500000000   1.331900000000   1.459000000000   1.523000000000   1.332200000000   1.457600000000   1.523500000000   2.189241155509   1.483895513443   1.541789286361
    1.473076010565   1.513436105555   1.940615096157   1.457600000000   1.523500000000   1.332200000000   1.457600000000   1.523500000000   1.332200000000   1.457600000000   1.523500000000   1.331900000000   1.459000000000   1.523000000000   1.332200000000   1.457600000000   1.523500000000   1.332200000000   1.483895513443   1.541789286361
    1.473076010565   1.513436105555   1.593708653424   1.457600000000   1.523500000000   1.332200000000   1.457600000000   1.523500000000   1.332200000000   1.457600000000   1.523500000000   1.331900000000   1.459000000000   1.523000000000   1.332200000000   1.457600000000   1.523500000000   1.332200000000   1.483895513443   1.541789286361
    1.473076010565   1.513436105555   1.332200000000   1.457600000000   1.523500000000   1.332200000000   1.457600000000   1.523500000000   1.332200000000   1.457600000000   1.523500000000   1.331900000000   1.459000000000   1.523000000000   1.332200000000   1.457600000000   1.523500000000   1.738787009969   1.483895513443   1.541789286361
    1.473076010565   1.513436105555   2.514802769543   1.457600000000   1.523500000000   1.332200000000   1.457600000000   1.523500000000   1.332200000000   1.457600000000   1.523500000000   1.331900000000   1.459000000000   1.523000000000   1.332200000000   1.457600000000   1.523500000000   1.332200000000   1.483895513443   1.541789286361
    1.473076010565   1.513436105555   2.208365193570   1.457600000000   1.523500000000   1.332200000000   1.457600000000   1.523500000000   1.332200000000   1.457600000000   1.523500000000   1.331900000000   1.459000000000   1.523000000000   1.332200000000   1.457600000000   1.523500000000   1.332200000000   1.483895513443   1.541789286361
    1.473076010565   1.513436105555   1.300319897332   1.457600000000   1.523500000000   1.332200000000   1.457600000000   1.523500000000   1.332200000000   1.457600000000   1.523500000000   1.331900000000   1.459000000000   1.523000000000   1.332200000000   1.457600000000   1.523500000000   1.332200000000   1.483895513443   1.541789286361
    1.473076010565   1.513436105555   1.332200000000   1.457600000000   1.523500000000   1.332200000000   1.457600000000   1.523500000000   1.332200000000   1.457600000000   1.523500000000   1.331900000000   1.459000000000   1.523000000000   1.332200000000   1.457600000000   1.523500000000   1.296616114848   1.483895513443   1.541789286361
    1.473076010565   1.513436105555   1.638714276460   1.457600000000   1.523500000000   1.332200000000   1.457600000000   1.523500000000   1.332200000000   1.457600000000   1.523500000000   1.331900000000   1.459000000000   1.523000000000   1.332200000000   1.457600000000   1.523500000000   1.332200000000   1.483895513443   1.541789286361
    1.473076010565   1.513436105555   0.955626938646   1.457600000000   1.523500000000   1.332200000000   1.457600000000   1.523500000000   1.332200000000   1.457600000000   1.523500000000   1.331900000000   1.459000000000   1.523000000000   1.332200000000   1.457600000000   1.523500000000   1.332200000000   1.483895513443   1.541789286361
    1.473076010565   1.513436105555   1.332200000000   1.457600000000   1.523500000000   1.332200000000   1.457600000000   1.523500000000   1.332200000000   1.457600000000   1.523500000000   1.331900000000   1.459000000000   1.523000000000   1.332200000000   1.457600000000   1.523500000000   1.483410006876   1.483895513443   1.541789286361
    1.473076010565   1.513436105555   1.668334251962   1.457600000000   1.523500000000   1.332200000000   1.457600000000   1.523500000000   1.332200000000   1.457600000000   1.523500000000   1.331900000000   1.459000000000   1.523000000000   1.332200000000   1.457600000000   1.523500000000   1.332200000000   1.483895513443   1.541789286361
